bus=[ 4, 6, 8, 10, 12, 15, 18, 19, 24, 25, 26, 27, 31, 32, 34, 36, 40, 42, 46, 49, 54, 55, 56, 59, 61, 62, 65, 66, 69, 70, 72, 73, 74, 76, 77, 80, 82, 85, 87, 89, 90, 91, 92, 99, 100, 103, 104, 105, 107, 110, 111, 112, 113, 116 ]
pmin=[ 5, 5, 5, 150, 100, 10, 25, 5, 5, 100, 100, 8, 8, 25, 8, 25, 8, 8, 25, 50, 50, 25, 25, 50, 50, 25, 100, 100, 80, 30, 10, 5, 5, 25, 25, 150, 25, 10, 100, 50, 8, 20, 100, 100, 100, 8, 25, 25, 8, 25, 25, 25, 25, 25 ]
pmax=[ 30, 30, 30, 300, 300, 30, 100, 30, 30, 300, 350, 30, 30, 100, 30, 100, 30, 30, 100, 250, 250, 100, 100, 200, 200, 100, 420, 420, 300, 80, 30, 30, 20, 100, 100, 300, 100, 30, 300, 200, 20, 50, 300, 300, 300, 20, 100, 100, 20, 50, 100, 100, 100, 50 ]
cnl=[ 31.67, 31.67, 31.67, 6.78, 6.78, 31.67, 10.15, 31.67, 31.67, 6.78, 32.96, 31.67, 31.67, 10.15, 31.67, 10.15, 31.67, 31.67, 10.15, 28, 28, 10.15, 10.15, 39, 39, 10.15, 64.16, 64.16, 6.78, 74.33, 31.67, 31.67, 17.95, 10.15, 10.15, 6.78, 10.15, 31.67, 32.96, 6.78, 17.95, 58.81, 6.78, 6.78, 6.78, 17.95, 10.15, 10.15, 17.95, 58.81, 10.15, 10.15, 10.15, 58.81 ]
sdc=[ 0, 0, 0, 0, 0, 0, 0, 0, 0, 0, 0, 0, 0, 0, 0, 0, 0, 0, 0, 0, 0, 0, 0, 0, 0, 0, 0, 0, 0, 0, 0, 0, 0, 0, 0, 0, 0, 0, 0, 0, 0, 0, 0, 0, 0, 0, 0, 0, 0, 0, 0, 0, 0, 0 ]
suc=[ 0, 0, 0, 0, 0, 0, 0, 0, 0, 0, 0, 0, 0, 0, 0, 0, 0, 0, 0, 0, 0, 0, 0, 0, 0, 0, 0, 0, 0, 0, 0, 0, 0, 0, 0, 0, 0, 0, 0, 0, 0, 0, 0, 0, 0, 0, 0, 0, 0, 0, 0, 0, 0, 0 ]
mu=[ 1, 1, 1, 8, 8, 1, 5, 1, 1, 8, 8, 1, 1, 5, 1, 5, 1, 1, 5, 8, 8, 5, 5, 8, 8, 5, 10, 10, 8, 4, 1, 1, 1, 5, 5, 8, 5, 1, 8, 8, 1, 1, 8, 8, 8, 1, 5, 5, 1, 2, 5, 5, 5, 2 ]
md=[ 1, 1, 1, 8, 8, 1, 5, 1, 1, 8, 8, 1, 1, 5, 1, 5, 1, 1, 5, 8, 8, 5, 5, 8, 8, 5, 10, 10, 8, 4, 1, 1, 1, 5, 5, 8, 5, 1, 8, 8, 1, 1, 8, 8, 8, 1, 5, 5, 1, 2, 5, 5, 5, 2 ]
ru=[ 30, 30, 30, 300, 300, 30, 100, 30, 30, 300, 350, 30, 30, 100, 30, 100, 30, 30, 100, 250, 250, 100, 100, 200, 200, 100, 420, 420, 300, 80, 30, 30, 20, 100, 100, 300, 100, 30, 300, 200, 20, 50, 300, 300, 300, 20, 100, 100, 20, 50, 100, 100, 100, 50 ]
rd=[ 30, 30, 30, 300, 300, 30, 100, 30, 30, 300, 350, 30, 30, 100, 30, 100, 30, 30, 100, 250, 250, 100, 100, 200, 200, 100, 420, 420, 300, 80, 30, 30, 20, 100, 100, 300, 100, 30, 300, 200, 20, 50, 300, 300, 300, 20, 100, 100, 20, 50, 100, 100, 100, 50 ]
msr=[ 1, 1, 1, 1, 5, 2, 1, 1, 1, 1, 3, 3.5, 1, 1, 1, 1, 1, 1, 1, 1, 2.5, 1, 1, 1, 2, 2, 1, 4.2, 4.2, 3, 1, 1, 1, 1, 1, 1, 5, 1, 1, 6.5, 1, 1, 1, 1, 3, 1, 1, 1, 1, 1, 1, 1, 1, 1 ]
qsc=[ 0, 0, 0, 0, 0, 0, 0, 0, 0, 0, 0, 0, 0, 0, 0, 0, 0, 0, 0, 0, 0, 0, 0, 0, 0, 0, 0, 0, 0, 0, 0, 0, 0, 0, 0, 0, 0, 0, 0, 0, 0, 0, 0, 0, 0, 0, 0, 0, 0, 0, 0, 0, 0, 0 ]
laststat=[ 1, 1, 1, 1, 1, 1, 1, 1, 1, 1, 1, 1, 1, 1, 1, 1, 1, 1, 1, 1, 1, 1, 1, 1, 1, 1, 1, 1, 1, 1, 1, 1, 1, 1, 1, 1, 1, 1, 1, 1, 1, 1, 1, 1, 1, 1, 1, 1, 1, 1, 1, 1, 1, 1 ]
mn=[ 1, 1, 1, 10, 10, 1, 5, 1, 1, 8, 8, 1, 1, 5, 1, 5, 1, 1, 5, 10, 10, 5, 5, 11, 10, 5, 10, 10, 10, 4, 1, 1, 1, 5, 5, 10, 5, 1, 10, 10, 1, 1, 8, 8, 8, 1, 5, 5, 1, 2, 5, 5, 5, 2 ]
lastp=[ 5, 5, 5, 150, 100, 10, 25, 5, 5, 100, 100, 8, 8, 25, 8, 25, 8, 8, 25, 50, 50, 25, 25, 50, 50, 25, 100, 100, 80, 30, 10, 5, 5, 25, 25, 150, 25, 10, 100, 50, 8, 20, 100, 100, 100, 8, 25, 25, 8, 25, 25, 25, 25, 25 ]
mf=[ 24, 24, 24, 24, 24, 24, 24, 24, 24, 24, 24, 24, 24, 24, 24, 24, 24, 24, 24, 24, 24, 24, 24, 24, 24, 24, 24, 24, 24, 24, 24, 24, 24, 24, 24, 24, 24, 24, 24, 24, 24, 24, 24, 24, 24, 24, 24, 24, 24, 24, 24, 24, 24, 24 ]
demand=[ 11199, 11199, 11199, 11199, 11199, 11199, 11199, 11199, 11199, 11199, 11199, 11199, 11199, 11199, 11199, 11199, 11199, 11199, 11199, 11199, 11199, 11199, 11199, 11199, 11199 ]
percentload=[ 54.14, 21.23, 41.4, 31.85, 0, 55.2, 20.17, 0, 0, 0, 74.31, 49.89, 36.09, 14.86, 95.54, 26.54, 11.68, 63.69, 47.77, 19.11, 14.86, 10.62, 7.43, 0, 0, 0, 65.82, 18.05, 25.48, 0, 45.65, 62.63, 24.42, 62.63, 35.03, 32.91, 0, 0, 27, 20, 37, 37, 18, 16, 53, 28, 34, 20, 87, 17, 17, 18, 23, 113, 63, 84, 12, 12, 277, 78, 0, 77, 0, 0, 0, 39, 28, 0, 0, 66, 0, 0, 0, 68, 47, 68, 61, 71, 39, 130, 0, 54, 20, 11, 24, 21, 0, 48, 0, 78, 0, 65, 12, 30, 42, 38, 15, 34, 0, 37, 22, 5, 23, 38, 31, 43, 28, 2, 8, 39, 0, 25, 0, 8.49, 23.35, 0, 21.23, 33 ]
psegmax=[ 
[ 15, 15 ],
[ 15, 15 ],
[ 15, 15 ],
[ 250, 250 ],
[ 150, 150 ],
[ 15, 15 ],
[ 50, 50 ],
[ 15, 15 ],
[ 15, 15 ],
[ 150, 150 ],
[ 175, 175 ],
[ 15, 15 ],
[ 15, 15 ],
[ 50, 50 ],
[ 15, 15 ],
[ 50, 50 ],
[ 15, 15 ],
[ 15, 15 ],
[ 50, 50 ],
[ 125, 125 ],
[ 125, 125 ],
[ 50, 50 ],
[ 50, 50 ],
[ 100, 100 ],
[ 100, 100 ],
[ 50, 50 ],
[ 210, 210 ],
[ 210, 210 ],
[ 150, 150 ],
[ 40, 40 ],
[ 15, 15 ],
[ 15, 15 ],
[ 10, 10 ],
[ 50, 50 ],
[ 50, 50 ],
[ 250, 250 ],
[ 50, 50 ],
[ 15, 15 ],
[ 325, 325 ],
[ 250, 250 ],
[ 10, 10 ],
[ 25, 25 ],
[ 150, 150 ],
[ 150, 150 ],
[ 150, 150 ],
[ 10, 10 ],
[ 50, 50 ],
[ 50, 50 ],
[ 10, 10 ],
[ 25, 25 ],
[ 50, 50 ],
[ 50, 50 ],
[ 50, 50 ],
[ 25, 25 ]]
cseg=[ 
[ 27.2888, 81.8663 ],
[ 27.2888, 81.8663 ],
[ 27.2888, 81.8663 ],
[ 15.6062, 46.8188 ],
[ 14.5187, 43.5562 ],
[ 27.2888, 81.8663 ],
[ 18.46, 55.38 ],
[ 27.2888, 81.8663 ],
[ 27.2888, 81.8663 ],
[ 14.5187, 43.5562 ],
[ 11.285, 33.855 ],
[ 27.2888, 81.8663 ],
[ 27.2888, 81.8663 ],
[ 18.46, 55.38 ],
[ 27.2888, 81.8663 ],
[ 18.46, 55.38 ],
[ 27.2888, 81.8663 ],
[ 27.2888, 81.8663 ],
[ 18.46, 55.38 ],
[ 12.6301, 37.8902 ],
[ 12.6301, 37.8902 ],
[ 18.46, 55.38 ],
[ 18.46, 55.38 ],
[ 13.73, 41.19 ],
[ 13.73, 41.19 ],
[ 18.46, 55.38 ],
[ 10.5631, 31.6894 ],
[ 10.5631, 31.6894 ],
[ 14.5187, 43.5562 ],
[ 17.3077, 51.923 ],
[ 27.2888, 81.8663 ],
[ 27.2888, 81.8663 ],
[ 37.9798, 113.9394 ],
[ 18.46, 55.38 ],
[ 18.46, 55.38 ],
[ 15.6062, 46.8188 ],
[ 18.46, 55.38 ],
[ 27.2888, 81.8663 ],
[ 11.735, 35.205 ],
[ 15.6062, 46.8188 ],
[ 37.9798, 113.9394 ],
[ 23.1866, 69.5598 ],
[ 14.5187, 43.5562 ],
[ 14.5187, 43.5562 ],
[ 14.5187, 43.5562 ],
[ 37.9798, 113.9394 ],
[ 18.46, 55.38 ],
[ 18.46, 55.38 ],
[ 37.9798, 113.9394 ],
[ 23.1866, 69.5598 ],
[ 18.46, 55.38 ],
[ 18.46, 55.38 ],
[ 18.46, 55.38 ],
[ 23.1866, 69.5598 ]]
line=[ 
[ 1, 2, 0.0999, 100 ],
[ 1, 3, 0.0424, 100 ],
[ 4, 5, 0.00798, 500 ],
[ 3, 5, 0.108, 100 ],
[ 5, 6, 0.054, 100 ],
[ 6, 7, 0.0208, 100 ],
[ 8, 9, 0.0305, 500 ],
[ 8, 5, 0.0267, 500 ],
[ 9, 10, 0.0322, 500 ],
[ 4, 11, 0.0688, 100 ],
[ 5, 11, 0.0682, 100 ],
[ 11, 12, 0.0196, 100 ],
[ 2, 12, 0.0616, 100 ],
[ 3, 12, 0.16, 100 ],
[ 7, 12, 0.034, 100 ],
[ 11, 13, 0.0731, 100 ],
[ 12, 14, 0.0707, 100 ],
[ 13, 15, 0.2444, 100 ],
[ 14, 15, 0.195, 100 ],
[ 12, 16, 0.0834, 100 ],
[ 15, 17, 0.0437, 500 ],
[ 16, 17, 0.1801, 100 ],
[ 17, 18, 0.0505, 100 ],
[ 18, 19, 0.0493, 100 ],
[ 19, 20, 0.117, 100 ],
[ 15, 19, 0.0394, 100 ],
[ 20, 21, 0.0849, 100 ],
[ 21, 22, 0.097, 100 ],
[ 22, 23, 0.159, 100 ],
[ 23, 24, 0.0492, 100 ],
[ 23, 25, 0.08, 500 ],
[ 26, 25, 0.0382, 500 ],
[ 25, 27, 0.163, 500 ],
[ 27, 28, 0.0855, 100 ],
[ 28, 29, 0.0943, 100 ],
[ 30, 17, 0.0388, 500 ],
[ 8, 30, 0.0504, 100 ],
[ 26, 30, 0.086, 500 ],
[ 17, 31, 0.1563, 100 ],
[ 29, 31, 0.0331, 100 ],
[ 23, 32, 0.1153, 100 ],
[ 31, 32, 0.0985, 100 ],
[ 27, 32, 0.0755, 100 ],
[ 15, 33, 0.1244, 100 ],
[ 19, 34, 0.247, 100 ],
[ 35, 36, 0.0102, 100 ],
[ 35, 37, 0.0497, 100 ],
[ 33, 37, 0.142, 100 ],
[ 34, 36, 0.0268, 100 ],
[ 34, 37, 0.0094, 500 ],
[ 38, 37, 0.0375, 500 ],
[ 37, 39, 0.106, 100 ],
[ 37, 40, 0.168, 100 ],
[ 30, 38, 0.054, 100 ],
[ 39, 40, 0.0605, 100 ],
[ 40, 41, 0.0487, 100 ],
[ 40, 42, 0.183, 100 ],
[ 41, 42, 0.135, 100 ],
[ 43, 44, 0.2454, 100 ],
[ 34, 43, 0.1681, 100 ],
[ 44, 45, 0.0901, 100 ],
[ 45, 46, 0.1356, 100 ],
[ 46, 47, 0.127, 100 ],
[ 46, 48, 0.189, 100 ],
[ 47, 49, 0.0625, 100 ],
[ 42, 49, 0.323, 100 ],
[ 42, 49, 0.323, 100 ],
[ 45, 49, 0.186, 100 ],
[ 48, 49, 0.0505, 100 ],
[ 49, 50, 0.0752, 100 ],
[ 49, 51, 0.137, 100 ],
[ 51, 52, 0.0588, 100 ],
[ 52, 53, 0.1635, 100 ],
[ 53, 54, 0.122, 100 ],
[ 49, 54, 0.289, 100 ],
[ 49, 54, 0.291, 100 ],
[ 54, 55, 0.0707, 100 ],
[ 54, 56, 0.00955, 100 ],
[ 55, 56, 0.0151, 100 ],
[ 56, 57, 0.0966, 100 ],
[ 50, 57, 0.134, 100 ],
[ 56, 58, 0.0966, 100 ],
[ 51, 58, 0.0719, 100 ],
[ 54, 59, 0.2293, 100 ],
[ 56, 59, 0.251, 100 ],
[ 56, 59, 0.239, 100 ],
[ 55, 59, 0.2158, 100 ],
[ 59, 60, 0.145, 100 ],
[ 59, 61, 0.15, 100 ],
[ 60, 61, 0.0135, 500 ],
[ 60, 62, 0.0561, 100 ],
[ 61, 62, 0.0376, 100 ],
[ 63, 59, 0.0386, 500 ],
[ 63, 64, 0.02, 500 ],
[ 64, 61, 0.0268, 500 ],
[ 38, 65, 0.0986, 500 ],
[ 64, 65, 0.0302, 500 ],
[ 49, 66, 0.0919, 500 ],
[ 49, 66, 0.0919, 500 ],
[ 62, 66, 0.218, 100 ],
[ 62, 67, 0.117, 100 ],
[ 65, 66, 0.037, 500 ],
[ 66, 67, 0.1015, 100 ],
[ 65, 68, 0.016, 500 ],
[ 47, 69, 0.2778, 100 ],
[ 49, 69, 0.324, 100 ],
[ 68, 69, 0.037, 500 ],
[ 69, 70, 0.127, 500 ],
[ 24, 70, 0.4115, 100 ],
[ 70, 71, 0.0355, 100 ],
[ 24, 72, 0.196, 100 ],
[ 71, 72, 0.18, 100 ],
[ 71, 73, 0.0454, 100 ],
[ 70, 74, 0.1323, 100 ],
[ 70, 75, 0.141, 100 ],
[ 69, 75, 0.122, 500 ],
[ 74, 75, 0.0406, 100 ],
[ 76, 77, 0.148, 100 ],
[ 69, 77, 0.101, 100 ],
[ 75, 77, 0.1999, 100 ],
[ 77, 78, 0.0124, 100 ],
[ 78, 79, 0.0244, 100 ],
[ 77, 80, 0.0485, 500 ],
[ 77, 80, 0.105, 500 ],
[ 79, 80, 0.0704, 100 ],
[ 68, 81, 0.0202, 500 ],
[ 81, 80, 0.037, 500 ],
[ 77, 82, 0.0853, 100 ],
[ 82, 83, 0.03665, 100 ],
[ 83, 84, 0.132, 100 ],
[ 83, 85, 0.148, 100 ],
[ 84, 85, 0.0641, 100 ],
[ 85, 86, 0.123, 500 ],
[ 86, 87, 0.2074, 500 ],
[ 85, 88, 0.102, 100 ],
[ 85, 89, 0.173, 100 ],
[ 88, 89, 0.0712, 500 ],
[ 89, 90, 0.188, 500 ],
[ 89, 90, 0.0997, 500 ],
[ 90, 91, 0.0836, 100 ],
[ 89, 92, 0.0505, 500 ],
[ 89, 92, 0.1581, 500 ],
[ 91, 92, 0.1272, 100 ],
[ 92, 93, 0.0848, 100 ],
[ 92, 94, 0.158, 100 ],
[ 93, 94, 0.0732, 100 ],
[ 94, 95, 0.0434, 100 ],
[ 80, 96, 0.182, 100 ],
[ 82, 96, 0.053, 100 ],
[ 94, 96, 0.0869, 100 ],
[ 80, 97, 0.0934, 100 ],
[ 80, 98, 0.108, 100 ],
[ 80, 99, 0.206, 100 ],
[ 92, 100, 0.295, 100 ],
[ 94, 100, 0.058, 100 ],
[ 95, 96, 0.0547, 100 ],
[ 96, 97, 0.0885, 100 ],
[ 98, 100, 0.179, 100 ],
[ 99, 100, 0.0813, 100 ],
[ 100, 101, 0.1262, 100 ],
[ 92, 102, 0.0559, 100 ],
[ 101, 102, 0.112, 100 ],
[ 100, 103, 0.0525, 500 ],
[ 100, 104, 0.204, 100 ],
[ 103, 104, 0.1584, 100 ],
[ 103, 105, 0.1625, 100 ],
[ 100, 106, 0.229, 100 ],
[ 104, 105, 0.0378, 100 ],
[ 105, 106, 0.0547, 100 ],
[ 105, 107, 0.183, 100 ],
[ 105, 108, 0.0703, 100 ],
[ 106, 107, 0.183, 100 ],
[ 108, 109, 0.0288, 100 ],
[ 103, 110, 0.1813, 100 ],
[ 109, 110, 0.0762, 100 ],
[ 110, 111, 0.0755, 100 ],
[ 110, 112, 0.064, 100 ],
[ 17, 113, 0.0301, 100 ],
[ 32, 113, 0.203, 500 ],
[ 32, 114, 0.0612, 100 ],
[ 27, 115, 0.0741, 100 ],
[ 114, 115, 0.0104, 100 ],
[ 68, 116, 0.00405, 500 ],
[ 12, 117, 0.14, 100 ],
[ 75, 118, 0.0481, 100 ],
[ 76, 118, 0.0544, 100 ]]
ssr=[ 0, 0, 0, 0, 0, 0, 0, 0, 0, 0, 0, 0, 0, 0, 0, 0, 0, 0, 0, 0, 0, 0, 0, 0, 0 ]
sor=[ 0, 0, 0, 0, 0, 0, 0, 0, 0, 0, 0, 0, 0, 0, 0, 0, 0, 0, 0, 0, 0, 0, 0, 0, 0 ]
maxFlow=[ 100, 100, 500, 100, 100, 100, 500, 500, 500, 100, 100, 100, 100, 100, 100, 100, 100, 100, 100, 100, 500, 100, 100, 100, 100, 100, 100, 100, 100, 100, 500, 500, 500, 100, 100, 500, 100, 500, 100, 100, 100, 100, 100, 100, 100, 100, 100, 100, 100, 500, 500, 100, 100, 100, 100, 100, 100, 100, 100, 100, 100, 100, 100, 100, 100, 100, 100, 100, 100, 100, 100, 100, 100, 100, 100, 100, 100, 100, 100, 100, 100, 100, 100, 100, 100, 100, 100, 100, 100, 500, 100, 100, 500, 500, 500, 500, 500, 500, 500, 100, 100, 500, 100, 500, 100, 100, 500, 500, 100, 100, 100, 100, 100, 100, 100, 500, 100, 100, 100, 100, 100, 100, 500, 500, 100, 500, 500, 100, 100, 100, 100, 100, 500, 500, 100, 100, 500, 500, 500, 100, 500, 500, 100, 100, 100, 100, 100, 100, 100, 100, 100, 100, 100, 100, 100, 100, 100, 100, 100, 100, 100, 100, 500, 100, 100, 100, 100, 100, 100, 100, 100, 100, 100, 100, 100, 100, 100, 100, 500, 100, 100, 100, 500, 100, 100, 100 ]
x=[ 0.0999, 0.0424, 0.00798, 0.108, 0.054, 0.0208, 0.0305, 0.0267, 0.0322, 0.0688, 0.0682, 0.0196, 0.0616, 0.16, 0.034, 0.0731, 0.0707, 0.2444, 0.195, 0.0834, 0.0437, 0.1801, 0.0505, 0.0493, 0.117, 0.0394, 0.0849, 0.097, 0.159, 0.0492, 0.08, 0.0382, 0.163, 0.0855, 0.0943, 0.0388, 0.0504, 0.086, 0.1563, 0.0331, 0.1153, 0.0985, 0.0755, 0.1244, 0.247, 0.0102, 0.0497, 0.142, 0.0268, 0.0094, 0.0375, 0.106, 0.168, 0.054, 0.0605, 0.0487, 0.183, 0.135, 0.2454, 0.1681, 0.0901, 0.1356, 0.127, 0.189, 0.0625, 0.323, 0.323, 0.186, 0.0505, 0.0752, 0.137, 0.0588, 0.1635, 0.122, 0.289, 0.291, 0.0707, 0.00955, 0.0151, 0.0966, 0.134, 0.0966, 0.0719, 0.2293, 0.251, 0.239, 0.2158, 0.145, 0.15, 0.0135, 0.0561, 0.0376, 0.0386, 0.02, 0.0268, 0.0986, 0.0302, 0.0919, 0.0919, 0.218, 0.117, 0.037, 0.1015, 0.016, 0.2778, 0.324, 0.037, 0.127, 0.4115, 0.0355, 0.196, 0.18, 0.0454, 0.1323, 0.141, 0.122, 0.0406, 0.148, 0.101, 0.1999, 0.0124, 0.0244, 0.0485, 0.105, 0.0704, 0.0202, 0.037, 0.0853, 0.03665, 0.132, 0.148, 0.0641, 0.123, 0.2074, 0.102, 0.173, 0.0712, 0.188, 0.0997, 0.0836, 0.0505, 0.1581, 0.1272, 0.0848, 0.158, 0.0732, 0.0434, 0.182, 0.053, 0.0869, 0.0934, 0.108, 0.206, 0.295, 0.058, 0.0547, 0.0885, 0.179, 0.0813, 0.1262, 0.0559, 0.112, 0.0525, 0.204, 0.1584, 0.1625, 0.229, 0.0378, 0.0547, 0.183, 0.0703, 0.183, 0.0288, 0.1813, 0.0762, 0.0755, 0.064, 0.0301, 0.203, 0.0612, 0.0741, 0.0104, 0.00405, 0.14, 0.0481, 0.0544 ]
gasGenBusNo=[ 1, 2, 5, 10, 11, 16, 19, 29, 40, 47, 48, 52 ]
gasNode=[ 2, 2, 2, 2, 2, 0, 0, 0, 1, 1, 1, 1 ]