bus=[ 1, 2, 3, ]
pmin=[ 100, 10, 10, ]
pmax=[ 220, 100, 40 ]
cnl=[ 10.15, 39, 31.67 ]
sdc=[ 50, 100, 0 ]
suc=[ 100, 200, 0 ]
mu=[ 4 ,3, 1 ]
md=[ 4, 2, 1 ]
ru=[ 55, 50, 20 ]
rd=[ 55, 50, 20 ]
msr=[ 1, 1, 1,  ]
qsc=[ 0, 0, 0, ]
laststat=[ 1, 1, 1,  ]
mn=[ 5,11,1 ]
lastp=[ 1,1,1 ]
mf=[ 24, 24, 24, ]
demand=[166.4,156.0 ,150.8,145.6,145.6,150.8,166.4,197.6,226.2,247.0,257.4,260.0,257.4,260.0,260.0,252.2,249.6,249.6,241.8,239.2,239.2,241.8,226.2,187.2 ,166.4 ]
percentload=[0,0,0, 20, 20, 40 ]
psegmax=[ 
[ 50, 50 ],
[ 100, 100 ],
[ 15, 15 ]]
cseg=[ 
[ 18.46, 55.38 ],
[ 13.73, 41.19 ],
[ 27.2888, 81.8663 ]]
line=[ 
[1,2,0.17,200],
[2,3,0.037,100],
[1,4,0.258,100],
[2,4,0.197,100],
[4,5,0.037,100],
[5,6,0.14,100],
[3,6,0.018,100]]
ssr=[ 0, 0, 0, 0, 0, 0, 0, 0, 0, 0, 0, 0, 0, 0, 0, 0, 0, 0, 0, 0, 0, 0, 0, 0, 0 ]
sor=[ 0, 0, 0, 0, 0, 0, 0, 0, 0, 0, 0, 0, 0, 0, 0, 0, 0, 0, 0, 0, 0, 0, 0, 0, 0 ]
maxFlow=[ 200, 100, 100, 100, 100, 100, 100,]
x=[0.17,0.037,0.258,0.197,0.037,0.14,0.018 ]
gasGenBusNo=[ 2 ]
gasNode=[ 0 ]
genmttr = [30, 68,68] 
linemttr = [12,8,8,8,8,8,8]
