/1      54.14
2       21.23
3       41.4
4       31.85
5       0
6       55.2
7       20.17
8       0
9       0
10      0
11      74.31
12      49.89
13      36.09
14      14.86
15      95.54
16      26.54
17      11.68
18      63.69
19      47.77
20      19.11
21      14.86
22      10.62
23      7.43
24      0
25      0
26      0
27      65.82
28      18.05
29      25.48
30      0
31      45.65
32      62.63
33      24.42
34      62.63
35      35.03
36      32.91
37      0
38      0
39      27
40      20
41      37
42      37
43      18
44      16
45      53
46      28
47      34
48      20
49      87
50      17
51      17
52      18
53      23
54      113
55      63
56      84
57      12
58      12
59      277
60      78
61      0
62      77
63      0
64      0
65      0
66      39
67      28
68      0
69      0
70      66
71      0
72      0
73      0
74      68
75      47
76      68
77      61
78      71
79      39
80      130
81      0
82      54
83      20
84      11
85      24
86      21
87      0
88      48
89      0
90      78
91      0
92      65
93      12
94      30
95      42
96      38
97      15
98      34
99      0
100     37
101     22
102     5
103     23
104     38
105     31
106     43
107     28
108     2
109     8
110     39
111     0
112     25
113     0
114     8.49
115     23.35
116     0
117     21.23
118     33/;
